V_MEAN	STD_ERR	I_MEAN	STD_ERR
0.001	0	-0.00178	0.00012
0.508	0	0.49484	0.024824274410343
1.003	0	0.57266	0.011436153199394
1.4996	0.0026	0.64382	0.004813044774361
2.005	0	0.71498	0.001976714445741
2.499	0	0.78342	0.001236689128278
3.0008	0.003184336665618	0.84766	0.000592958683215
3.513	0	0.9109	0.000464758001545
4.008	0	0.9696	0.000275680975042
4.515	0	1.02572	0.000332264954517
5.009	0	1.0795	0.000284604989415
5.504	0	1.13124	0.000146969384567
6.011	0	1.18066	0.000246170672502
6.505	0	1.2288	0.000187082869339
7	0	1.27542	0.000217715410571
7.507	0	1.32036	0.000246170672502
8.002	0	1.36426	0.000222710574513
8.4986	0.0026	1.40684	0.000146969384567
9.003	0	1.44862	0.000174355957742
9.51	0	1.4901	0.000158113883008
10.0098	0.002939387691339	1.52972	0.000217715410571
10.512	0	1.5688	9.9999999999989E-05
11.006	0	1.60688	0.000174355957742
11.514	0	1.6441	0.0001
12.008	0	1.6809	0.000122474487139
12.008	0	1.68	0
11.5088	0.003184336665618	1.6424	0
11.006	0	1.6044	0.000122474487139
10.512	0	1.5654	0
10.0098	0.002939387691339	1.5261	0
9.51	0	1.4857	0
9.003	0	1.4434	0.000122474487139
8.5012	0.003184336665618	1.40158	0.00012
8.002	0	1.35836	0.000146969384567
7.507	0	1.31372	0.000203469899494
7	0	1.26808	0.000203469899494
6.505	0	1.22074	0.000146969384567
6.011	0	1.17204	0.000208806130178
5.504	0	1.12152	0.000217715410571
5.009	0	1.06904	0.000276767050062
4.5124	0.0026	1.01434	0.000208806130178
4.008	0	0.95726	0.000276767050062
3.513	0	0.89738	0.000263438797446
2.9956	0.0026	0.83232	0.000410365690574
2.499	0	0.7656	0.000892188320928
2.005	0	0.69348	0.001584739726264
1.4996	0.0026	0.614	0.0032898328225
1.003	0	0.5209	0.007143668525345
0.508	0	0.3787	0.013663162152299
0.001	0	-0.001	0.000122474487139
