V_MEAN	STD_ERR	I_MEAN	STD_ERR	P(VI)	ERR	R(V/I)	ERR
0.001	0	-0.00102	0.000538887743412	-1.02E-06	5.38887743412299E-07	-0.980392156862745	0.517962075559688
0.0624	0.0026	0.09916	0.00066	0.006187584	0.000299	0.629286002420331	0.030408720871293
0.1078	0.00293938769134	0.18684	0.001655475762432	0.020141352	0.00072765548344	0.576964247484479	0.020844241162707
0.1556	0.0026	0.2558	0.002633438816453	0.03980248	0.00107484307984	0.608287724784988	0.016426460148634
0.2144	0.0026	0.30884	0.003241542842537	0.066215296	0.00149797078544	0.69421059448258	0.015704939074466
0.2524	0.0026	0.33724	0.002639242315514	0.085119376	0.001542968760436	0.748428418930139	0.013566848396909
0.306	0	0.37116	0.003178144112529	0.11357496	0.000972512098434	0.824442289039767	0.007059479488715
0.356	0	0.39746	0.003228869771298	0.14149576	0.001149477638582	0.895687616363911	0.007276351504562
0.407	0	0.41918	0.003051458667588	0.17060626	0.001241943677708	0.970943270194188	0.007068069224607
0.458	0	0.43722	0.002812009957308	0.20024676	0.001287900560447	1.04752756049586	0.006737244249277
0.508	0	0.45248	0.002661465761568	0.22985984	0.001352024606877	1.12270155586987	0.006603676961207
0.559	0	0.46614	0.002162313575779	0.26057226	0.001208733288861	1.19921053760673	0.005562854991386
0.61	0	0.47946	0.002066059050463	0.2924706	0.001260296020782	1.27226463104326	0.005482363190987
0.661	0	0.49068	0.001978736970898	0.32433948	0.001307945137764	1.34711013287682	0.005432413434
0.711	0	0.50148	0.001734762231546	0.35655228	0.00123341594663	1.41780330222541	0.00490458566735
0.762	0	0.51142	0.001661144183989	0.38970204	0.0012657918682	1.48996910562747	0.004839571221572
0.8	0	0.51848	0.001224908159823	0.414784	0.000979926527858	1.54297176361673	0.003645268291217
0.851	0	0.52836	0.001347070896427	0.44963436	0.001146357332859	1.61064425770308	0.004106389590523
0.902	0	0.5377	0.001302305647688	0.4850054	0.001174679694215	1.67751534312814	0.004062930454601
0.952	0	0.5471	0.001153689732987	0.5208392	0.001098312625804	1.74008407969293	0.003669378792316
1.003	0	0.55592	0.000968710483065	0.55758776	0.000971616614514	1.80421643401928	0.003143911665982
1.003	0	0.5545	0.0002	0.5561635	0.0002006	1.80883678990081	0.000652420843968
0.952	0	0.5426	0.000949210198007	0.5165552	0.000903648108502	1.7545152967195	0.003069303008118
0.902	0	0.53292	0.000993680028983	0.48069384	0.000896299386143	1.69256173534489	0.003155942344504
0.851	0	0.52276	0.00131628264442	0.44486876	0.001120156530401	1.62789807942459	0.004098963173981
0.8	0	0.51252	0.001246755790041	0.410016	0.000997404632033	1.56091469601186	0.003797079987147
0.762	0	0.50496	0.001263962024746	0.38477952	0.000963139062856	1.50903041825095	0.003777244024984
0.711	0	0.49318	0.001635053515944	0.35065098	0.001162523049836	1.44166430106655	0.004779590178575
0.661	0	0.48074	0.001768219443395	0.31776914	0.001168793052084	1.37496359778675	0.005057281207236
0.61	0	0.46832	0.001955351630782	0.2856752	0.001192764494777	1.30252818585583	0.005438376777315
0.559	0	0.45346	0.00210489904746	0.25348414	0.00117663856753	1.23274379217572	0.005722227393626
0.508	0	0.43796	0.002388849095276	0.22248368	0.0012135353404	1.1599232806649	0.006326791669572
0.4554	0.0026	0.4214	0.002402290573598	0.19190556	0.002189643127217	1.08068343616516	0.012330601878841
0.407	0	0.40106	0.002473176095631	0.16323142	0.001006582670922	1.0148107515085	0.006257930714158
0.356	0	0.3774	0.00284059852848	0.1343544	0.001011253076139	0.943296237413884	0.007099962649492
0.3034	0.0026	0.34944	0.002871689398246	0.106020096	0.001779814563428	0.868246336996337	0.014575703414087
0.255	0	0.31516	0.002751108867348	0.0803658	0.000701532761174	0.809112831577611	0.007062944173239
0.217	0	0.28636	0.001982069625417	0.06214012	0.000430109108715	0.757787400474927	0.005245101931153
0.1582	0.003184336665618	0.2332	0.002329806858948	0.03689224	0.001111162755508	0.678387650085763	0.020432456542939
0.1102	0.00293938769134	0.1699	0.001740689518553	0.01872298	0.000691225953703	0.64861683343143	0.023946016567692
0.0546	0.0026	0.0909	0.0009838699101	0.00496314	0.000290059297091	0.600660066006601	0.035104195436111
0.001	0	-0.00146	0.000269443871706	-1.46E-06	2.6944387170615E-07	-0.684931506849315	0.126404518533566

